152,35
10,94
10,98
10,206
10,188
10,150
10,256
10,66
10,246
10,2
10,3
11,27
9,7
9,6
9,1
9,4
9,2
9,3
8,6
8,8
8,4
8,15
8,9
8,11
143,79
143,78
143,77
143,76
143,75
143,74
143,73
143,72
143,71
143,70
143,69
143,68
143,67
143,66
143,65
143,64
143,35
143,34
143,33
143,32
143,31
143,30
143,29
143,28
143,27
143,26
143,25
143,24
143,23
143,22
143,21
143,20
143,19
143,18
143,17
143,16
143,15
143,14
143,13
143,12
143,11
143,10
143,9
143,8
143,7
143,6
143,5
143,2
143,0
142,7
142,6
142,5
142,4
142,3
142,2
142,1
142,0
20,3
20,2
20,1
12,3
19,2
12,2
19,1
12,1
11,28
11,26
11,25
11,24
11,23
11,22
11,21
11,20
11,19
11,18
11,17
11,16
11,15
19,3
11,14
11,13
11,12
11,11
11,10
11,9
11,8
11,7
11,6
11,5
11,4
11,3
11,2
11,1
10,308
10,307
10,302
10,298
10,297
10,295
10,290
